;============================ SPDUST.2 ===============================
;
;    Rotational emission from a population of spinning dust grains,
;    as described by Ali-Haimoud, Hirata & Dickinson, 2009, MNRAS, 395, 1055
;    and in Silsbee, Ali-Haimoud & Hirata, 2010
;    for an environment with parameters given below. 
;
;    nH = 0.40000000 cm^-3
;    T = 6000.0000 K
;    Chi = 1.0000000
;    xh = 0.10000000
;    xC = 0.00030000000
;    mu(1E-7 cm) = 9.3000000 debye (this corresponds to beta = 0.38450768 debye)
;
;
;    Diklike grains are asssumed to be randomly oriented with respect to their angular momentum vector.
;
;=====================================================================
;
;nu(GHz)       j_nu/nH(Jy sr-1 cm2/H)     
;
      0.50870968   1.4082277e-23
      0.52658684   1.5442820e-23
      0.54509225   1.6936024e-23
      0.56424797   1.8581247e-23
      0.58407686   2.0400761e-23
      0.60460259   2.2420065e-23
      0.62584964   2.4668362e-23
      0.64784335   2.7178716e-23
      0.67060997   2.9988862e-23
      0.69417665   3.3141933e-23
      0.71857153   3.6687510e-23
      0.74382369   4.0682297e-23
      0.76996326   4.5191569e-23
      0.79702144   5.0290799e-23
      0.82503050   5.6067238e-23
      0.85402386   6.2621485e-23
      0.88403611   7.0069891e-23
      0.91510305   7.8547499e-23
      0.94726176   8.8210634e-23
      0.98055059   9.9240110e-23
       1.0150093   1.1184559e-22
       1.0506789   1.2627056e-22
       1.0876020   1.4279738e-22
       1.1258227   1.6175312e-22
       1.1653866   1.8351782e-22
       1.2063408   2.0853287e-22
       1.2487342   2.3731050e-22
       1.2926174   2.7044553e-22
       1.3380428   3.0862915e-22
       1.3850645   3.5266423e-22
       1.4337387   4.0348340e-22
       1.4841234   4.6217023e-22
       1.5362787   5.2998486e-22
       1.5902668   6.0839086e-22
       1.6461523   6.9908925e-22
       1.7040016   8.0405755e-22
       1.7638839   9.2559459e-22
       1.8258706   1.0663735e-21
       1.8900357   1.2295001e-21
       1.9564556   1.4185864e-21
       2.0252097   1.6378324e-21
       2.0963800   1.8921213e-21
       2.1700513   2.1871299e-21
       2.2463116   2.5294594e-21
       2.3252519   2.9267823e-21
       2.4069663   3.3880235e-21
       2.4915523   3.9235582e-21
       2.5791108   4.5454391e-21
       2.6697464   5.2676868e-21
       2.7635670   6.1065898e-21
       2.8606848   7.0810823e-21
       2.9612154   8.2131476e-21
       3.0652790   9.5283441e-21
       3.1729995   1.1056340e-20
       3.2845056   1.2831562e-20
       3.3999302   1.4893990e-20
       3.5194111   1.7289988e-20
       3.6430909   2.0073270e-20
       3.7711170   2.3306133e-20
       3.9036422   2.7060631e-20
       4.0408246   3.1420105e-20
       4.1828280   3.6480955e-20
       4.3298216   4.2354220e-20
       4.4819809   4.9168164e-20
       4.6394875   5.7070004e-20
       4.8025291   6.6229166e-20
       4.9713004   7.6839608e-20
       5.1460026   8.9123159e-20
       5.3268443   1.0333255e-19
       5.5140412   1.1975527e-19
       5.7078165   1.3871619e-19
       5.9084016   1.6058219e-19
       6.1160356   1.8576421e-19
       6.3309663   2.1471975e-19
       6.5534502   2.4795685e-19
       6.7837527   2.8603227e-19
       7.0221484   3.2955289e-19
       7.2689219   3.7917053e-19
       7.5243676   4.3558072e-19
       7.7887902   4.9951147e-19
       8.0625051   5.7170916e-19
       8.3458390   6.5292721e-19
       8.6391299   7.4390390e-19
       8.9427276   8.4533563e-19
       9.2569945   9.5785441e-19
       9.5823053   1.0819901e-18
       9.9190483   1.2181391e-18
       10.267625   1.3665369e-18
       10.628452   1.5272294e-18
       11.001959   1.7000409e-18
       11.388591   1.8845714e-18
       11.788811   2.0802072e-18
       12.203095   2.2861034e-18
       12.631939   2.5012440e-18
       13.075852   2.7244872e-18
       13.535366   2.9546039e-18
       14.011028   3.1903719e-18
       14.503406   3.4306012e-18
       15.013087   3.6741608e-18
       15.540680   3.9199862e-18
       16.086813   4.1670445e-18
       16.652138   4.4141822e-18
       17.237330   4.6599770e-18
       17.843087   4.9026448e-18
       18.470132   5.1397722e-18
       19.119213   5.3682201e-18
       19.791103   5.5840397e-18
       20.486605   5.7825664e-18
       21.206549   5.9584754e-18
       21.951793   6.1062232e-18
       22.723227   6.2200677e-18
       23.521770   6.2947140e-18
       24.348376   6.3255202e-18
       25.204031   6.3084528e-18
       26.089755   6.2409102e-18
       27.006606   6.1210912e-18
       27.955676   5.9488953e-18
       28.938099   5.7259056e-18
       29.955047   5.4558838e-18
       31.007732   5.1445353e-18
       32.097411   4.7995512e-18
       33.225384   4.4299342e-18
       34.392996   4.0453879e-18
       35.601640   3.6554938e-18
       36.852759   3.2692982e-18
       38.147845   2.8946184e-18
       39.488442   2.5379360e-18
       40.876152   2.2041613e-18
       42.312628   1.8967012e-18
       43.799586   1.6175633e-18
       45.338798   1.3675920e-18
       46.932102   1.1466295e-18
       48.581398   9.5376918e-19
       50.288653   7.8752654e-19
       52.055905   6.4595682e-19
       53.885263   5.2683475e-19
       55.778908   4.2767916e-19
       57.739099   3.4591872e-19
       59.768176   2.7896474e-19
       61.868559   2.2437409e-19
       64.042755   1.7995748e-19
       66.293356   1.4386468e-19
       68.623048   1.1459488e-19
       71.034611   9.0951343e-20
       73.530921   7.1961853e-20
       76.114957   5.6806642e-20
       78.789801   4.4774344e-20
       81.558645   3.5248677e-20
       84.424793   2.7710166e-20
       87.391663   2.1737869e-20
       90.462796   1.7002838e-20
       93.641854   1.3252283e-20
       96.932632   1.0291037e-20
       100.33905   7.9641141e-21
       103.86519   6.1450316e-21
       107.51523   4.7291647e-21
       111.29355   3.6307790e-21
       115.20465   2.7808214e-21
       119.25319   2.1247179e-21
       123.44401   1.6195913e-21
       127.78210   1.2317882e-21
       132.27263   9.3478055e-22
       136.92098   7.0775219e-22
       141.73268   5.3448766e-22
       146.71348   4.0248970e-22
       151.86930   3.0217003e-22
       157.20632   2.2615252e-22
       162.73089   1.6873472e-22
       168.44961   1.2549276e-22
       174.36929   9.3011940e-23
       180.49701   6.8674307e-23
       186.84006   5.0493318e-23
       193.40603   3.6959875e-23
       200.20273   2.6929356e-23
       207.23829   1.9527342e-23
       214.52109   1.4088742e-23
       222.05983   1.0109417e-23
       229.86349   7.2107755e-24
       237.94140   5.1100085e-24
       246.30317   3.5963641e-24
       254.95880   2.5127563e-24
       263.91860   1.7422738e-24
       273.19327   1.1982475e-24
       282.79388   8.1691824e-25
       292.73187   5.5171762e-25
       303.01910   3.6885889e-25
       313.66785   2.4396284e-25
       324.69082   1.5951938e-25
       336.10115   1.0305394e-25
       347.91248   6.5729383e-26
       360.13888   4.1362603e-26
       372.79494   2.5656350e-26
       385.89576   1.5672037e-26
       399.45697   9.4158016e-27
       413.49475   5.5580850e-27
       428.02586   3.2194466e-27
       443.06761   1.8278944e-27
       458.63797   1.0156994e-27
       474.75550   5.5130125e-28
       491.43944   2.9153934e-28
